67
9834 7344 5258 23018 3110 4808 31124 7440 4918 5726 1468 4122 24274 924 4882 6440 8112 24362 3884 15568 8222 502 2001 18438 22092 12852 28660 20798 28910 19876 12522 21718 4610 26898 23508 28848 11248 2340 3934 796 13520 22608 26026 12542 9232 32300 32400 5932 28214 31722 31232 11030 29440 12834 30406 3756 4536 29652 27002 23422 22458 19110 24496 10526 32094 20594 876
57
29403 16463 4149 12063 16451 13865 16309 27585 11833 28904 12495 9897 31765 4055 11703 18711 22181 4831 25537 981 16669 28585 13315 11633 2647 513 29217 21971 8761 23427 1381 13041 25459 13939 8207 19155 9577 4069 235 32487 10871 11557 29479 23665 15957 4185 103 22109 6353 8291 2323 19519 22725 2055 14065 657 11079
8
29477 31268 8033 1393 1165 6987 25347 20341
64
7713 24499 9899 17637 3655 3495 26087 24377 7547 4789 22275 16979 11033 13911 13025 21931 2697 8425 22721 12935 2755 21783 12783 2325 5901 23955 30885 23483 21771 777 26155 1193 25595 7765 3139 14769 8501 23283 24005 599 5625 32183 10887 21549 29293 957 4735 18777 14821 11685 13355 9591 1119 19191 6705 7335 31055 23022 11331 4317 26529 20305 10053 14721
92
26928 28226 15138 22844 26088 27488 30528 25268 1860 26692 3808 23848 3876 14634 30688 20306 28786 12318 31662 24114 30784 29116 18689 26608 3348 1850 19914 17936 30856 20904 28006 31428 28430 17014 26394 19862 18962 32054 186 6996 10308 18082 18856 23846 26676 25826 2564 11006 12574 21768 12834 15670 32262 31198 24120 12662 24328 10208 16986 5844 25834 12940 4774 1342 27378 24280 15300 17434 13056 24324 32650 17454 2004 15252 18938 28864 22960 19860 21114 7160 2338 11814 23868 2698 21540 16188 12538 25242 6494 12700 5354 470
43
32488 132 30836 14856 23056 26840 22612 15640 8460 31386 26910 18882 2622 11456 14282 9130 19206 7722 27264 4068 11636 25792 9054 15537 10532 21184 118 20834 864 9812 23830 15006 14986 22378 14414 1742 16576 30658 25772 26318 18870 22848 25928
15
7176 13305 13553 6619 11549 259 8507 24067 15309 24769 1757 9685 25717 10153 11193
20
24302 6992 15214 27390 15728 12262 13204 3602 10736 110 14876 25420 31749 28734 9946 7634 10880 10716 3332 2944
82
24723 20877 12613 8609 27561 7979 26371 25307 17899 26331 31705 4831 21377 10603 9581 10387 10319 391 20685 26019 9439 7387 18173 14533 24477 20605 32729 5441 11841 19587 5915 25519 25491 13051 6073 28675 5451 5629 4469 30919 32341 8473 11441 17319 20797 29177 12415 23347 3820 25665 12033 23009 13703 21689 19441 26195 23487 8109 20853 17623 3123 24213 1857 8755 29987 10481 32729 31649 16499 23671 20529 18457 10187 12399 25981 18127 6429 6239 27973 5885 32589 14821
24
31200 7232 30730 22692 25818 22620 3792 27707 30370 16558 29474 1200 1332 5198 25734 11530 21216 8798 29528 31414 2984 25064 2398 1030
46
6877 15931 15251 10411 8113 30365 6419 27253 177 16589 21045 23093 14653 29687 17801 28679 26017 28049 957 16055 16123 28033 19235 20751 4991 32135 24985 27739 3807 26585 16517 23591 26373 269 18239 11079 16645 18741 26517 28185 25167 10318 167 527 553 18905
52
23497 207 4669 32299 13473 20905 27589 29325 9433 10295 17617 23189 30589 25425 153 19757 26145 7009 18107 16653 1009 28905 26497 28647 25633 10587 21859 31201 32658 3629 22477 23881 7595 16941 23329 5765 17547 281 511 31817 29793 32105 23493 11275 12827 20593 25683 6843 9537 12453 12561 7601
62
32736 4370 5624 5946 30544 12390 10820 31166 3794 21754 638 2410 22510 19844 26776 1610 31000 13036 11482 28224 27692 31996 30730 22238 282 18994 944 5200 30936 24308 11442 20918 19617 8168 5158 32412 30046 2978 17000 13762 18270 30592 108 288 13902 5076 23374 7976 5478 31552 1584 11596 10208 20838 3654 23488 5550 13502 5418 3712 6252 1994
70
21867 30095 13969 4849 21643 11461 10597 20053 20229 32413 6733 18831 28611 28775 10023 24983 15397 23829 15855 4109 15521 2893 10883 20961 6319 27067 12713 26195 10725 26027 23891 31264 19043 4057 24099 4849 25195 895 9771 20255 31057 17337 8439 19863 19867 775 11467 21015 14433 2351 14641 31131 24565 11077 11949 4893 32201 2573 981 28791 15245 2687 9087 17323 27543 15531 2135 23625 8329 9409
87
6762 21796 8784 11684 12888 29342 16203 1726 26150 11290 23924 28844 28248 1994 6854 16342 710 32520 26816 18184 29976 32412 7074 31184 22960 15416 31198 3628 12978 1348 24524 24926 20820 27360 19362 9250 24962 28456 26012 4614 21410 6066 22656 14350 6320 2398 3654 3742 25742 4430 9492 27294 27294 16178 12392 2518 18576 29898 6808 16028 4984 3752 14976 32430 15140 2610 29042 22882 14252 19694 25970 6396 13644 28930 11174 4960 12912 15090 30470 28138 17422 7340 8028 22680 29750 27084 5224
80
4450 22818 28988 28494 9382 11750 11902 20256 24492 2474 8192 27260 17206 11886 29388 8464 15308 29676 1988 22542 17006 13694 14828 30508 30080 22334 24334 14064 15880 9832 13944 9258 21794 6407 14888 31938 15784 12492 1548 18868 1588 1344 18852 23128 26446 14622 30666 1256 4574 24314 10450 20540 16868 4392 25300 27350 26984 16600 15432 4902 1972 134 3284 21768 192 19856 8290 16522 2284 7466 8310 32244 30966 12400 10176 25354 7716 29656 13292 28044
89
18177 10961 172 24427 13745 24829 941 24847 7927 12239 30607 25513 32439 21283 23049 6675 30767 28125 23749 24675 25579 28631 893 29053 32539 6175 28003 6877 8201 26463 19901 25277 5093 5789 22481 21593 2501 26149 8711 26251 12009 22723 17485 12447 24643 12085 13751 24931 5431 14303 11623 11389 26527 18113 2741 8705 23827 27047 2183 9283 21863 11423 16383 28651 17011 687 15969 27207 3355 9929 12845 10723 19335 2295 29575 27999 11443 7131 27617 29817 15659 5725 8409 28521 26905 32153 26203 30839 24439
5
15018 17256 6630 12658 4659
78
22969 29905 24165 19521 12629 10965 26119 6033 2829 17409 7123 5501 18837 7357 7393 6097 15455 14411 19129 30725 7379 22781 21175 4367 28893 26789 17589 2942 30375 17739 31973 12225 32169 17957 25851 13003 20703 3269 20627 12507 5723 30349 30931 19095 18427 17001 23367 6237 10619 16061 23 26581 24493 5019 27477 30663 3335 32059 15797 9779 5983 2723 18533 17565 31475 13487 6195 1705 20139 24877 15349 16103 23971 9831 18983 24049 31205 25289
91
31959 25277 21259 9869 24423 30893 1939 6193 1553 5681 28091 20445 11747 2673 17689 18333 32339 24153 13572 835 15991 1267 19293 25583 27255 27419 23985 21723 15683 10835 127 13649 641 25329 2259 9211 17609 387 19485 3937 11283 29549 4669 12205 8305 3793 28125 19889 1275 12721 28419 31531 7945 23639 25573 8263 32165 19187 7169 613 30015 21125 24933 10269 931 1279 7253 16001 12327 24739 21773 25505 15399 3763 2017 31317 14263 30027 32655 27447 20113 8325 10703 30445 24909 18149 6695 32177 16089 27897 12037
44
3343 23773 22563 24875 25781 4259 29162 17621 13833 31225 10037 13645 1745 10077 11547 12711 16089 29237 1273 19741 7823 27411 18345 7531 969 23351 12539 26741 28905 32599 32611 21809 2597 24477 31725 9153 32031 26861 15993 12511 1723 11119 551 18559
79
2991 29797 10421 30239 28097 19051 35 30855 3243 14965 3041 31475 26799 32723 9679 3161 16185 25421 12383 3815 3333 17593 18917 11839 31625 25293 17677 1505 15763 21807 2733 3043 7977 27861 18621 5095 19641 28301 4773 32335 5492 23507 22199 26537 11503 15853 19707 27761 12311 10035 17201 21753 28995 24237 27155 15777 20381 27105 2011 3917 7633 26863 13319 23573 23517 30935 89 29757 18507 4123 13089 18277 3205 2443 30399 26117 2173 20827 8803
15
22 13836 14526 12832 13312 19721 11234 16294 10464 8018 1664 3736 9696 22534 1430
63
21187 30781 9759 9784 6829 26949 6913 2289 25249 9289 1935 26541 24953 15821 17179 15877 24515 27195 17969 8413 25375 3005 20771 23259 10473 21077 23489 11549 13337 8745 12897 2091 29287 13341 25641 20777 15537 9383 26249 1873 13985 25823 4615 23969 20877 16853 23619 7375 30359 30247 29491 24967 7197 31189 7599 2765 19029 1099 1331 27845 21293 29897 19679
10
6596 25252 17244 26972 28763 15376 5064 1346 2900 23638
22
9810 8578 2316 16778 7023 20900 14736 8074 7186 17418 14502 1468 3170 8862 17816 16144 12584 28240 12210 10104 22800 21362
34
7517 15259 28925 2871 3423 21663 5413 21109 6351 6675 27583 16121 21115 32409 23483 8081 849 18314 29927 25951 13873 31039 31481 4819 15143 23991 8657 5845 26045 22873 24321 26695 2729 531
38
11440 6382 15646 10434 25696 24668 8338 16748 152 19278 18994 2416 19744 7738 13604 30128 30822 26274 11896 32328 15384 20818 25180 18181 29680 13796 18830 9970 5842 31622 2840 21324 17942 15100 9786 12708 26400 16870
50
23365 29915 27571 10641 317 7448 7391 12213 23575 5633 8703 11261 12935 26123 6161 30331 12083 13525 20863 31745 8051 7915 11009 20343 3927 29099 10175 25975 26343 25483 6327 11799 27821 7289 21343 261 20857 8865 15243 4051 10587 32599 9361 21137 30197 12363 19883 8863 9717 14595
87
26759 405 31611 7687 10079 4955 26255 23013 25017 27299 23783 21645 25071 32189 15267 30325 12075 13689 3431 4217 17503 6215 6391 39 13189 12441 15877 26931 2301 12941 5191 10317 855 9425 203 25365 29497 4285 13711 22891 22423 32199 20301 23531 2602 15381 1427 3001 4123 17011 8477 18297 25349 9065 11355 27043 17951 23971 4691 15349 31663 2973 8111 17481 28355 13947 6671 20105 9507 20529 24993 22527 3465 6379 20719 16337 32267 29615 20223 24781 30427 28223 18329 30819 32047 61 32227
17
27958 21825 3069 14355 11303 27479 3633 11355 1519 17513 12551 5627 15849 31785 12279 22233 12663
63
19470 31034 30928 6310 390 16700 22726 32014 17080 16536 26390 11568 8270 24610 22738 31542 4054 15108 10506 20538 1810 7358 11976 14948 24980 8304 20300 9814 17550 21844 8304 18376 29926 3206 3942 30065 21384 13328 24494 31780 29698 25378 5700 11586 330 31644 9494 11344 25826 1236 27318 16352 25632 9106 23124 10678 10182 21342 24558 18990 25050 17662 21696
87
6147 3171 17995 22245 8149 29637 20199 20247 5747 12945 27087 15035 22447 13991 2421 20047 25245 27925 26561 6379 5007 25657 12201 22395 14915 22821 25859 3409 24667 13383 32407 1505 21519 14667 26231 9155 19231 28217 21651 8445 12811 32227 14215 9349 31621 6532 8119 20737 1063 7585 24735 12497 24161 32305 23653 9039 6839 15877 11697 12117 24617 30051 9151 24319 26865 11245 17585 2227 14197 2505 18985 10591 6003 9219 19479 13313 16259 26671 3537 31341 9917 27467 8545 4939 25269 8171 21793
100
8077 8207 5393 13167 32081 6429 24595 26641 30115 26555 24255 30911 14549 27843 22805 3513 3369 22587 30351 18927 32231 27679 1477 17371 173 23651 27759 1453 1287 28727 21397 22689 8768 18567 25593 24501 22391 28611 9949 17793 4597 5861 24293 351 28093 9137 27993 30667 25701 29749 6031 31245 24101 31645 16553 26909 22829 7201 27515 32701 6973 25181 6351 2029 8559 1479 21965 32637 16983 21115 3765 28677 13901 24633 31183 32243 31241 15025 11941 29441 16243 24317 15727 18385 24753 12911 23247 28883 2441 22157 29631 29287 2795 32345 15815 65 3267 10455 6003 11279
30
26465 855 445 5478 23745 13027 21067 23393 25635 4089 25495 10005 5763 31667 19997 15265 17609 29801 941 15649 21999 2873 16053 29411 20581 22503 30399 31187 4787 24295
82
7607 11643 15247 8213 12657 16135 5623 1019 19361 16653 14185 23915 26965 16431 11909 8901 115 3979 9101 13983 5969 20981 19597 23331 31359 10373 29139 29873 1253 10833 5799 24526 11797 2427 6711 24117 21211 2415 25807 24401 27667 10853 30033 10193 10173 11823 25317 7313 6227 23085 9961 13503 28249 6821 17195 22337 28723 27443 6239 10065 9279 10393 203 1131 24861 12229 833 16743 14411 28169 12879 22251 28407 18091 3001 5371 30995 29089 27687 6131 10925 14239
100
12106 13096 20360 14512 24526 10846 5082 8476 27802 32518 15618 26484 11870 27800 2038 18150 23900 19680 8082 22004 12514 18824 22580 25472 6162 16822 20148 10794 28644 14352 28272 19930 23150 23784 8896 22424 7012 2228 14230 9124 7642 15040 11614 30146 1874 28706 1066 10198 31730 26348 16908 9906 30740 8612 14532 12588 25350 16119 20124 3442 16134 31146 20112 10402 6808 25814 944 21654 9974 14414 9162 6142 6116 16738 19780 17584 12454 19400 7240 18500 8786 5846 6948 27354 8010 10996 4592 28734 18438 9042 31090 20272 21776 16342 5438 29436 8784 21338 31010 15186
21
11858 27196 1106 26750 4326 5220 24946 19098 22868 23812 22282 23458 12309 7564 8292 21252 29406 28826 4658 1280 28168
23
16399 22559 5337 24029 7027 5691 21225 32449 23241 22639 22779 7890 6923 4243 14089 7529 20531 27793 1521 2123 2055 24033 24795
92
4860 31500 27812 23024 19838 31596 26370 22156 31166 24744 2210 20478 31672 29716 21898 23040 30914 25608 10184 30524 30324 14074 26116 17794 26096 31210 2140 16210 28480 11770 24428 13984 4376 14686 20908 27864 26826 24444 766 27680 13936 1100 6792 1502 29034 16128 6846 6778 270 32746 32708 3686 28060 19864 6132 4186 7534 23878 19130 5348 29306 2670 16808 11042 23536 29121 10182 3782 12358 13114 29482 7010 25432 8080 27850 1254 27880 21710 27278 31078 29516 3646 28584 4120 3686 11146 10024 10662 14040 13094 27850 9636
20
4438 9964 10746 32156 13248 26587 19186 23216 6874 31964 23870 7952 3614 19222 16070 18718 2632 13536 32460 18458
30
6343 8685 8337 20563 4147 11413 9999 23983 18645 5833 2419 15313 26071 17361 30573 3815 8373 21777 25445 15389 21767 22157 3293 6703 32411 5291 3891 5471 24006 32571
72
15797 11525 23957 23199 22723 23101 3853 32277 7423 32491 21775 30493 6909 27371 31589 28771 26765 23387 3827 13905 1851 22311 6227 5929 5143 12205 27067 2385 9403 31151 1063 3053 30089 4762 22451 30131 19763 1503 25417 9723 14723 26305 30587 19477 2385 29239 8371 14561 10201 3367 31883 28313 15663 29405 32375 25329 14355 10165 26539 10083 9443 1051 30263 27587 30189 27573 3959 3865 8431 1247 27049 12977
36
875 21201 24891 8985 11607 6521 1327 32686 11655 2421 19683 9703 30237 25639 27829 20213 6307 32189 3507 20227 27301 8045 14019 10663 22649 24319 22053 17785 23131 3981 32539 771 16323 12167 12255 15071
41
26397 9923 28945 30243 31719 10451 12251 22549 13153 16829 8527 24669 20693 25021 1679 22059 7947 1915 1641 7323 11773 5927 30755 25199 5037 10183 19321 31243 13389 15055 12767 28058 21929 4595 27915 9095 451 5947 26295 10043 31929
32
20977 28208 29658 4178 15470 21958 2616 7972 28288 10040 21800 7616 31908 26142 18096 32680 28586 3616 27060 27336 16916 10946 27246 11762 19646 8574 2116 31632 26308 25110 21698 15504
60
4005 8853 257 20849 18605 26185 3255 16417 1141 25523 10609 13623 9371 24895 521 30205 18389 30503 12503 19009 4689 1573 27589 18443 23165 331 13989 3249 3559 3885 4045 1809 25223 17991 19159 14109 10269 2207 3533 1685 19955 17057 9321 7954 28881 4435 7603 24903 1319 5037 26585 24969 29067 27453 24117 3473 11623 12307 32173 24441
97
16909 31585 28753 30959 2629 28761 23755 13473 10765 5541 26423 3499 73 4141 7217 11335 27157 1829 2667 5999 31057 4229 19791 9464 29791 16825 10981 12245 803 14491 18681 2235 11603 12447 15733 21745 3569 30795 32275 20317 24595 23283 29497 8161 18663 21145 12829 15593 755 5689 8745 2885 20129 22571 4515 12341 19453 18651 32139 18883 8629 12743 4295 341 5481 15523 7807 11395 31015 15069 7107 28709 4653 323 23669 6577 23793 11263 5985 8901 21095 24267 30129 4863 4737 21857 12673 13333 6131 22579 1997 19489 22841 26975 403 21053 31451
44
30448 22260 31010 27942 24034 20478 27822 15814 5232 13380 9286 29952 13050 28992 29640 584 27128 14610 14896 10432 4042 26924 32112 15254 15288 18762 32162 29848 4656 13994 866 6396 9814 3960 28020 24708 5308 29325 16814 21190 15214 10064 17682 3782
46
12485 28173 22565 19705 19037 7945 22827 26175 8395 20277 24435 31549 9615 17391 3451 3273 23861 6751 19285 25605 10347 15427 30805 19773 9051 4593 25869 31245 3899 5529 10619 20171 31264 11211 11139 7971 6419 25913 27031 7679 2153 3519 23999 1195 26189 11423
3
23059 5485 23582
56
21793 32299 19457 29027 22401 22921 20661 25617 11589 15873 9271 20497 31225 22799 13793 16349 21627 789 25943 6679 14389 31733 7371 25279 4465 21983 24697 7341 26881 617 30581 24377 29479 13789 4517 29751 1461 5335 3857 4651 14705 24591 19547 1723 15039 4723 6281 25954 3451 9593 14347 3683 18469 28595 6393 8707
28
13305 12795 9425 6703 21283 5393 8475 32487 14709 16623 11341 12083 14388 1557 18419 3389 13415 21183 4459 18617 18315 8389 2109 23519 22667 31423 3757 22961
44
29058 21053 29267 15457 19383 20457 31915 6799 9167 12545 22907 20245 17315 16015 31227 24917 17383 25083 18241 26139 13819 14277 14881 18439 6877 14967 10829 27147 19323 6615 6331 22609 13875 4703 31057 31551 5523 22769 16317 221 1125 28359 13213 28757
92
7130 16738 15460 12686 25776 980 27510 22872 1411 13066 6670 17686 22264 3806 27446 9210 17034 13750 13126 10814 22420 13644 21924 18444 13998 6320 10924 18336 18230 6030 488 5800 27440 19122 5252 16108 9552 2508 31750 21042 25940 22130 316 19812 28312 30822 22382 14060 3300 12054 6108 31840 2952 7272 4460 21346 8874 19638 16538 8650 20192 24 948 12542 18170 6370 24392 12450 1058 21358 26334 19576 4134 11036 7652 22908 3604 4246 25830 24154 12552 21850 18184 31486 5442 28786 15276 29576 12154 132 12406 25188
96
21942 10978 22778 13718 23548 8526 8256 3428 17392 12958 19214 16880 5034 22164 5114 32264 31502 11420 20360 27570 17764 14058 2798 26578 3652 19398 2078 7724 15798 12588 15106 8594 3992 5774 11266 21590 10816 24828 25548 13570 2146 32104 17490 25416 14898 11586 29464 28988 16846 332 14506 21698 3800 30376 31080 3394 23904 27190 11150 20898 31752 22046 28272 23156 15722 3498 9984 7280 6324 27478 17814 1822 15766 9512 6384 7124 8032 15172 21112 28904 15204 13500 8134 29982 7841 7846 32102 1892 28322 370 9946 14016 31138 16506 18404 16004
32
4811 14499 11393 8489 4385 23383 25225 16111 10621 10617 28099 2723 4983 17557 20631 2023 25523 20488 15627 3183 5539 9169 3105 10765 23917 9931 16229 31205 22057 5121 16583 11521
65
1549 17523 11627 29231 8279 28203 21189 30183 10271 21325 3629 25217 26641 23397 4691 9213 20495 23395 12985 2283 22829 31123 1997 26123 27391 3531 7765 6171 9751 20969 13839 22513 14279 30333 21399 5319 6961 28611 10637 18647 27509 3797 7410 31783 11089 15133 26831 27047 9673 24591 9503 31353 19521 25369 13549 2959 13749 13779 24505 12667 9025 22651 6683 28291 11747
53
387 22575 20505 8123 18735 2165 18857 13101 12459 1475 27327 26671 7977 3855 22733 26482 3923 5607 23159 19229 10387 679 23287 9363 32141 2287 15553 5257 5097 8277 16227 10595 6487 30041 31921 30651 27091 26263 16671 8511 19241 25151 17261 15805 435 14281 32649 23167 8811 12773 14511 987 17951
65
510 7214 4938 2602 18780 14068 26770 12474 7348 14630 31132 4610 10728 13218 1048 25600 16848 7034 12832 19578 18164 3494 7962 25160 31120 31482 9184 22770 17634 20566 11807 2688 29088 28446 9980 21390 25034 2538 11516 30110 14754 14718 9508 29620 6650 24062 26464 7452 20396 8282 2594 14988 7280 10254 4428 4468 31946 22800 1104 12682 3938 11778 12182 16552 376
19
9399 25247 20583 19643 4649 12363 29071 26105 32395 14353 5051 29241 9157 968 12985 29215 25519 617 997
26
22088 14538 17448 27162 15880 22308 23184 31668 3836 17980 3500 28284 27294 3768 15444 31604 25895 30204 20520 30792 1524 3328 24862 31916 10030 8536
27
17559 27551 10205 10769 24025 13757 11527 58 31135 6641 9003 23003 19415 19507 16103 26471 6205 16933 7395 6705 29925 15191 14599 3793 6935 7877 26095
49
22681 17769 477 27465 7267 9201 21475 27305 819 28917 22463 20639 26099 20229 24021 17361 18761 1675 18927 8617 14971 16119 30681 8353 30903 21275 20009 26559 15991 17619 29533 16219 16191 5095 22823 16170 11657 31793 4621 7539 23809 24321 9517 933 21751 23487 21597 3087 26377
17
7720 5570 22530 5260 6592 19354 23516 15122 10542 18578 18040 11516 15222 25066 28959 4932 30520
13
3806 27940 6544 11274 9498 340 19350 28790 21906 20228 15494 10724 13779
100
25226 17686 32218 3018 27898 19790 29148 10 15528 316 29800 1958 14678 3310 5986 27328 20784 4650 28816 14038 12106 21770 9132 28812 13896 7146 21176 4780 4960 18050 26770 32364 32126 24664 29128 16622 29894 12880 30636 21004 5694 6054 4524 12374 22476 6654 8412 32340 16480 6360 27094 1298 28778 42 196 16348 3736 21064 15290 21830 27834 2312 8008 8558 30978 4644 31056 13700 20342 27360 7700 28812 32672 7918 31636 5466 23171 11916 30488 488 23764 8184 18698 27590 2406 16380 19206 17900 18404 21996 27698 13240 7110 20146 16340 11572 18304 9032 23066 14486
87
23823 5172 25821 26825 12989 28001 26339 25917 13313 2803 6735 21971 13305 16163 26057 11931 7747 12185 24217 23755 25611 7793 15817 30555 14915 16221 12423 24013 3371 27945 1995 14665 19741 21347 2873 5105 30853 24657 29515 31347 1833 4905 20135 23513 6835 31369 22231 7083 6253 30493 30745 2605 4169 5789 4241 14087 5413 6917 10923 21009 27213 509 14005 3685 10817 8341 1999 15285 19129 10039 6153 2527 8679 8669 22473 10951 20731 18561 3181 18013 14317 13271 563 29949 22135 18999 5463
95
22139 2191 31489 3413 20043 17591 4609 17201 9313 8891 355 23037 11623 10925 24259 18293 9339 5697 31707 23029 5079 9945 13389 24369 12465 8677 18591 8997 11871 26477 27263 23375 19649 22255 24143 21021 9689 30311 21989 26273 32443 4013 26761 13453 8109 14341 19525 30811 30597 30191 13403 972 3675 31047 30999 22161 2905 6539 27847 12111 20981 3703 519 10435 31299 5849 10049 14137 10403 415 31605 6733 2213 19763 16439 5835 28451 20747 11509 3317 26545 9597 1923 16105 12607 15825 9681 23393 28149 26779 15609 8349 2653 10823 8577
7
23775 18325 22006 2181 15417 20891 2019
89
12304 22764 30556 16812 24518 1168 30298 10298 17870 14495 3586 4872 2122 8120 10044 19704 30178 2 6520 4682 21022 26088 31280 12822 16660 28994 1466 25588 5698 30874 1344 9722 2750 30412 22018 14056 7820 30416 30182 166 10574 29140 14644 1774 24100 21390 3482 11846 18122 6352 28270 28464 31240 15454 28220 18854 4424 26108 31104 3264 8584 4042 13996 18104 15218 5588 10094 28946 14026 25574 28468 11540 19720 13726 25328 9338 18248 7364 17944 25200 17246 16860 22768 14520 21580 4862 7180 1324 474
92
27516 18990 24766 22216 4728 25902 32296 22672 3912 14202 16200 13930 13892 5154 31418 15638 28542 6144 6846 11102 17894 3150 17796 18760 29112 22382 23208 32654 25106 28686 27128 850 2534 1646 1916 27150 29716 22528 8376 14796 25296 24882 14124 18836 32330 24968 9246 1578 22158 26094 18840 28408 15530 19788 21684 24392 14094 31578 29974 30648 5432 11700 11706 15337 26256 10034 8946 14454 22672 9586 2470 17708 16426 21688 7142 14200 21090 13816 13984 6428 20548 11058 1194 14118 10738 7678 23300 7458 23834 29798 10848 20624
4
24722 16193 4898 7970
10
26492 3866 2587 2484 9858 29950 29652 28060 15820 29526
100
12753 9221 23435 24831 2367 28835 15419 11661 4349 25965 15621 1011 8373 9665 13539 23577 6725 28489 217 7359 4093 30573 31695 1027 6925 14311 10395 31017 30269 28339 16993 11161 12511 21803 10015 9005 3587 21105 20611 9637 25577 11533 20225 5499 4027 32727 31521 11743 20861 30229 20768 16377 9277 4841 10925 21875 26255 2021 19227 23613 26429 24321 29083 16263 10809 31663 26079 4629 31191 14155 13027 11697 6203 7353 1041 27647 9485 1867 22659 23671 2931 10465 163 7089 3137 15189 6651 12251 14443 24853 32071 3729 28603 30991 21197 12239 14281 27093 16627 21055
45
21688 8410 31676 9824 18694 15378 18918 17328 9198 13332 25590 6800 11886 27764 9080 20829 7236 5512 21694 11076 27566 7456 13482 7840 29304 6002 1512 9602 15410 13398 328 31890 7618 5296 9566 17430 8730 5170 10610 14162 13388 23364 6040 28174 10940
53
6066 9936 2088 1340 796 24788 23958 4538 29066 11042 18990 17592 23674 5070 29688 31536 32728 11941 2276 12124 8388 20694 23474 12814 12692 13546 18452 3654 30494 6910 8716 19202 4912 14634 13468 32600 6242 4160 5022 27842 2828 30908 17648 5050 29594 31736 1238 30344 26112 19870 10648 32342 8840
10
13267 6387 3504 21085 11807 9767 16907 12437 29639 15743
54
25803 19081 29795 4361 10795 6263 19377 30237 12091 3241 1090 12099 29831 7875 2865 14577 31045 13179 19321 18191 835 5297 21883 7751 8989 13539 9437 4731 18613 16835 30869 20117 31709 18975 28995 18823 3415 31497 27075 3211 21503 14391 15875 11947 19013 5035 29713 10631 8161 26767 31607 27473 5059 7525
61
20828 17284 15446 5044 30980 13320 31380 22238 11814 12300 28302 5158 14062 12058 4970 29866 2125 16758 11070 6594 18328 6944 28112 8352 3964 21810 5280 3674 31760 22900 26664 14354 16958 11312 12898 31590 22128 2110 14988 23350 26218 354 11816 21632 10864 8416 6982 32680 20908 12356 24580 20964 3540 9862 13142 4842 520 27472 11012 23282 6394
49
1616 648 10662 180 30542 15708 22018 21068 14000 14834 10840 2128 18390 2104 26786 18272 15650 12306 31750 1428 19878 106 23456 29224 28154 21626 2694 1394 28780 17264 22788 19737 28764 28216 19240 18562 3302 24464 18562 27018 14016 12896 31020 3450 5478 29260 29704 568 18294
59
598 22260 31800 7616 21788 11096 812 15810 4783 25874 7394 16680 10024 6884 13296 7098 23678 16124 16786 12888 21092 18262 9384 26090 11628 12358 27138 19096 16748 3414 27098 24382 15146 7246 24226 22812 3380 3728 22784 22476 9224 31918 13592 5492 9596 14390 29962 26436 16226 28620 9402 8732 18786 22908 10966 14212 15916 22350 11030
52
23997 24329 7021 1693 105 19363 16395 8397 17417 19315 23745 361 23595 14951 14883 31189 4985 15369 8919 18981 2435 4671 12163 19833 32189 19509 2545 16519 19403 24981 27499 22143 31997 3585 23143 4108 4885 189 27495 2229 28753 13475 2339 11885 165 1125 2017 5995 2121 20207 2085 27187
61
3061 869 4575 26369 2335 5291 22785 24833 27693 15007 13073 17245 30399 31789 26577 24851 28911 32221 21317 2419 739 17677 11225 1409 19613 16511 30945 1173 12313 14869 19777 15439 409 5591 6767 16293 4667 573 12183 20827 18637 32171 14621 13721 15587 21817 21577 18135 2087 183 2877 20989 16879 32749 19753 32202 22805 7461 14019 16751 16387
45
7949 795 7115 4645 261 17675 29629 12611 11783 8493 12047 9315 10397 27585 32139 5753 257 229 25717 27397 29373 15305 26815 3970 123 29507 10623 31741 535 8071 32417 9989 22777 3383 28633 28873 16033 16793 6109 18815 24963 29737 18385 5891 17429
78
4647 31345 2773 28887 24693 14125 25347 11635 2679 3039 5631 1409 8831 2409 22969 23947 10243 27189 5253 473 30779 4211 29277 14039 11497 14759 23111 10433 23925 2919 22547 32377 30273 23905 20039 5047 6715 25757 1116 7781 17071 9219 25895 17225 4447 17947 413 24037 2263 17435 11189 32667 7929 32287 15783 27157 24031 10417 24925 2277 1763 13205 27687 11879 27639 3521 8879 6127 29499 27301 31023 32033 30925 27829 9187 11931 739 22823
53
14580 31570 14426 26628 2852 6178 10240 17936 27728 31736 31415 5766 22368 678 30550 13808 25492 8184 21960 666 9164 20970 14446 122 2816 792 21694 28466 31250 29046 3890 1650 23236 27968 3678 19588 27660 1078 2400 15138 9096 27904 21886 9866 18510 18168 30474 6868 10982 520 14728 9092 7832
83
6121 22447 22267 4723 5221 4153 31669 12427 12183 3949 30701 2463 2399 26697 31485 5821 24933 7007 1155 5395 3047 18565 8011 25933 9149 10441 17271 29981 7571 25773 9175 26395 8315 6801 27291 27855 18345 10603 10537 1803 12659 5053 32591 8319 32675 3783 15773 13961 11501 4605 1805 1099 23479 31413 13797 25600 545 6179 2015 23183 5955 13191 21895 351 9659 26787 22755 17005 26469 25203 18265 6813 20065 20505 17101 22093 8035 9751 26123 31791 295 32705 28773
34
21662 27030 28186 30716 12038 31488 13876 4068 26342 25554 7348 720 32542 7030 31520 17594 23052 32740 26728 15976 29872 13358 27940 16542 23822 19801 19742 14226 26580 16742 2576 12958 26942 19642
87
16795 22761 32305 27327 30233 28267 19969 20115 17425 15973 15785 14601 20363 21905 31893 23359 1869 8561 21703 24429 5033 29657 12377 10401 10139 24493 4905 13708 26639 21227 23759 10933 23943 4589 26321 18391 9183 30697 21273 19593 19559 8377 7847 4123 9787 24545 19589 20673 24783 10447 15609 32243 15565 19549 1279 531 16157 12189 23029 20305 6721 24533 26007 13259 16875 10183 5679 14585 23753 2615 16133 4681 2207 17831 7453 24325 9369 17765 5153 17277 5599 9159 14237 7523 14953 8629 29803
38
28268 8276 17910 8818 26240 2242 9712 5376 15536 19692 5250 27228 25258 19738 4322 1204 21104 31124 28496 14368 23890 13760 16290 26338 26392 30346 552 13034 24964 8200 7852 26778 7160 26206 20952 1743 15218 13792
23
26232 17072 20832 13042 15943 16728 26986 15372 1932 12038 24094 22014 15820 15172 31400 20950 5676 3504 13056 21300 26396 7946 26806
80
27888 25684 23406 7546 25516 9414 15460 25340 27724 18628 15124 14888 13136 15190 1208 4194 20836 20494 1518 10728 7070 25148 23828 23208 18690 29792 19446 16726 4424 25574 27816 14524 10462 1292 11700 29522 15920 15144 22904 29964 23590 24840 11466 24442 21998 5560 16608 17424 8188 16748 19562 28858 14928 26292 8 27324 4088 5108 476 3002 28630 2330 19574 29968 674 25990 29946 19816 25138 29262 7294 31884 13816 23718 4276 22904 30926 29849 24520 32436
60
14561 31557 4515 2003 17297 5865 9431 20505 18523 17895 23809 24685 21551 13891 29095 3465 14055 20025 28321 14397 287 713 16517 30743 5191 30581 25951 22845 30967 19265 5545 12697 28547 14083 31093 20793 28367 24797 15855 4597 1379 2309 7939 2641 20673 29641 14681 26534 32503 13521 14475 13181 3697 16291 13711 2107 16403 24939 22903 30979
87
12504 17866 31252 6288 3332 31262 25820 6692 14004 5370 25272 29320 32748 26992 24380 28804 1946 14528 31868 15472 26886 13354 23946 2220 31338 20736 31292 9796 24294 8958 24618 20982 28565 12510 1278 19804 16380 30504 3568 6240 16804 3400 12422 24312 19206 8418 4262 28430 1456 15210 16328 19132 1950 1518 16778 10946 7146 32566 14700 1328 32426 22544 9680 27750 4118 27110 19532 23104 17128 31634 15134 15242 18952 18546 1018 20410 18792 32192 5132 12510 3628 8730 19770 6100 4624 7016 17578
81
19076 5028 8218 22370 7928 13716 18592 28172 30852 26022 17040 8454 16238 10890 31530 25766 8858 5176 11480 2736 27000 21984 24922 19454 10074 15394 24354 4160 13296 21372 1536 26662 3340 21254 24316 28060 1450 8036 25472 32372 26158 31220 16320 1324 25068 12360 5202 17414 1516 24538 31518 22108 1264 8698 21374 23608 1200 13324 6558 1054 20580 28656 19750 26412 5260 10432 11032 27494 2028 16322 16124 8268 9682 1428 3898 18860 23964 15279 26824 3262 23420
62
20095 32021 19683 14835 20419 24571 16459 6825 20241 1791 16573 3103 10383 24121 18489 9575 18375 20627 19803 7349 31735 23277 22985 5165 24967 24479 24531 10483 1233 20005 4945 30857 8745 29463 18895 4183 10015 1111 9713 31627 22781 15759 4623 25379 17559 8409 20003 29767 23365 12223 5351 222 24873 12391 7223 3671 4277 21255 29883 18129 6001 19361
90
13290 23178 20108 23880 18824 29014 21098 2864 23688 1634 15458 6194 520 10400 13488 19564 24368 12262 7656 492 8298 10056 26068 560 28878 14028 22652 23782 1502 20542 10626 7160 4980 9054 10168 30918 15352 7494 20204 30388 20694 30464 11268 1764 30510 6010 18248 6468 1230 19616 2306 16075 10590 8134 19530 16638 14298 18760 5150 21176 9286 1902 5810 15916 2462 23698 4870 13348 19468 30852 9406 8334 11100 20782 2608 10294 22964 11892 4278 13268 27264 11614 6990 11338 11692 32378 30560 19494 19222 25466
84
12326 28300 25244 12880 21102 19356 32232 20012 9694 2950 454 8452 5686 29454 18352 26368 21850 31140 550 32300 10344 29176 4852 29626 4138 8386 5810 29030 20652 13796 18832 7992 7212 23480 10578 19826 25912 20644 30874 31426 7190 16106 1896 2744 23395 18118 25820 16506 18418 28348 24130 20926 10248 28198 28496 9712 30110 1556 1960 5556 28706 23642 18854 16018 29000 3298 9814 16108 2364 25922 31428 28212 9720 32404 4728 25948 18934 10626 13120 27534 5638 24736 5680 6940
47
21178 9120 26880 31252 18154 13606 11622 30776 18360 10564 13486 25006 3752 18110 4258 3818 10476 25164 3628 30718 20954 7996 872 6754 20894 9052 17406 27638 13359 16926 12208 32576 27770 25334 3886 15610 14316 9984 13104 22224 22032 4584 2502 22372 26762 14858 7658
4
13657 262 5403 11387
57
10175 4475 5533 6875 5417 2907 12259 18845 20585 16965 4963 16293 24823 15329 6899 26883 19705 18131 30591 7293 4965 7235 6995 27083 4451 16325 27283 6151 22269 4437 21771 26719 12019 17855 15661 28941 24037 14635 20569 9353 23745 20461 13399 22782 4693 22945 11819 25593 20545 10873 9737 7783 5911 24277 11429 25795 26041
65
6153 27051 31647 24541 6337 24947 177 31915 27296 28233 24873 7077 19653 2511 19167 8921 32353 25239 11773 3673 25993 30565 15111 1587 7529 31943 533 4255 12191 16627 5989 13435 31973 459 24853 8187 6387 26943 29227 10141 7581 9177 5851 12635 14655 17811 30211 24613 31841 28909 27637 5005 10903 29755 641 4037 4771 20803 10795 25031 12767 25351 6329 21459 9949
7
14159 26059 6057 32715 27941 5895 23032
10
18632 30662 30624 25288 28058 764 4405 27556 15490 6920
44
12453 831 16119 30387 15991 19255 9741 19135 21427 20383 25533 27439 14109 25473 18681 18183 13873 3761 11616 19003 29861 28517 23121 27763 20495 24359 11339 7439 11235 24301 24177 12395 14753 3719 13423 12893 4429 13113 30333 16901 11807 4521 29631 23239
92
11919 7715 19769 6329 30047 1451 30457 15793 22025 21037 11833 2259 19507 27199 29327 8565 12197 7457 4737 10003 16575 3387 15405 3927 24139 7879 309 10873 18551 16077 20951 16845 5403 5707 13141 1171 14655 32189 13729 14097 19425 17597 27699 22505 26099 8705 28217 12195 17317 24463 8691 32397 2785 5933 22363 15557 23323 4889 30221 8339 2633 9979 16991 24317 13106 5399 32207 23189 30947 21447 26279 13463 9095 18217 23259 29745 31321 17173 8753 14369 32499 26961 9125 9859 28105 14345 2571 3821 10233 23673 7159 29365
19
26514 30040 29930 15726 2154 2898 8878 22868 26730 26242 23768 4090 15444 3436 24928 29378 11798 10262 1745
23
7350 28038 23030 26736 12368 29372 16773 9842 2442 22930 12468 31772 29744 22264 32698 15252 10588 28910 18614 21080 27952 30040 4860
91
18604 14744 26742 15598 10892 13840 5662 12050 13836 29704 10246 20004 12718 28888 29630 28878 21384 7168 13646 826 13866 18610 19128 9404 3998 22674 17310 18620 24270 954 6462 24269 780 25090 8872 17940 29164 6526 6438 4088 32596 22088 16644 22008 27604 28542 2668 9940 11580 23952 16046 20214 9572 26036 3498 10 15182 7866 3972 7152 2676 13062 3746 9940 7260 986 11726 9370 24680 4564 16058 25982 22006 20152 23728 1534 7332 15472 8062 9712 24306 32080 31414 6904 19216 14752 7448 8734 3566 32340 25680
99
14557 25747 6085 13735 26193 25417 30123 16409 17345 6385 7707 20705 16499 11773 29891 26033 10461 11367 19925 27597 14287 7175 10453 24447 18415 15935 3491 1259 14693 11491 16349 7691 24537 24659 15469 16883 3227 24809 13661 14677 2337 10131 32745 1098 5557 29121 10457 27981 16495 3201 8975 19851 10337 23273 17499 26203 275 7093 1173 29703 27183 12851 13037 24023 28541 30299 5503 10053 17681 20545 10019 1681 5059 8881 26507 17529 27103 18703 29071 18761 9245 11401 19395 31507 25301 13417 10059 20793 24429 5579 239 16687 13843 18033 22643 26759 30639 5875 29217
98
22182 9428 3214 12174 1320 8444 11864 32688 2956 25520 13776 1730 31004 238 24978 22862 24396 5922 7652 7110 21720 5612 16506 8038 12050 25124 11356 18018 25978 31516 29220 29502 21392 1318 16492 1912 19686 23892 14470 13676 14202 6790 31600 10616 8258 8098 766 20064 32264 8990 7010 12526 5752 20422 4300 18138 14710 25272 25960 7410 18102 27314 9104 12400 12680 3214 8260 30642 30448 28942 16854 24074 14846 16344 7906 14068 31325 19386 2438 27750 6436 21558 23246 27788 8182 66 4720 6806 32326 30280 7868 18152 12538 13676 24778 29308 2100 5144
76
1968 26540 16724 23491 6570 28176 25976 1172 11708 7054 24618 19018 32114 784 31208 3962 27884 5330 19552 2090 7390 30784 1166 878 24022 16954 4138 29502 26824 23426 14908 9858 196 11120 31504 26990 25092 23268 32594 14 8752 17278 10866 12066 26072 24336 6218 18220 3914 19284 25088 26056 19072 13788 10798 24890 6774 17478 13374 4686 19368 19640 2844 28764 28622 29324 31496 13226 18160 31554 25288 29174 14750 28608 8200 26964
82
27959 5347 19811 13631 10697 26425 16247 8203 12681 21973 18263 23941 2315 29117 5513 29037 9503 7257 1639 1281 3869 27255 2325 545 9075 14477 29371 27057 7815 21577 4587 26943 27583 24385 5733 29669 27351 20237 8443 25201 8063 11897 4055 24262 32541 1043 23259 7801 20727 493 5225 12487 21615 25245 25157 25511 8621 6025 727 1079 30819 11361 12949 32355 28909 1005 1473 8123 17305 21001 2639 423 6725 30445 17961 24261 8239 8113 26007 22405 17415 20497
22
14703 2233 8607 15819 789 14971 16483 9363 26565 6815 27051 28394 19563 24289 3719 21173 13361 20315 8693 21763 13749 30395
87
8871 30173 4731 27213 18561 28879 4947 27887 8791 27219 3317 23485 6161 17147 21689 4477 18669 20067 7133 13895 18731 27153 15061 11661 26633 31651 18147 9565 4591 6695 9703 10977 8943 26309 5241 26665 15721 22693 21043 28459 30987 13 26707 13831 32257 1226 16003 10383 24681 25551 29169 29447 20489 12323 8865 27177 28733 23289 11019 13419 27699 18201 30177 6277 7001 11145 26153 5423 18967 2405 1429 9767 31419 14609 27919 23163 12977 21139 7061 8197 10235 30009 12105 26675 25313 12931 13505
19
165 1383 15851 21997 18296 2959 25807 22893 26549 28899 4085 16087 6685 27629 14669 32681 31823 17825 24715
69
2700 25066 22032 12114 21788 5882 8156 8502 29406 16316 2774 28378 9086 4456 23124 25866 31796 6586 15682 11985 5224 2246 116 3716 27310 21020 15164 10242 5620 26940 10808 16442 5892 7464 11374 5616 24100 22352 5786 14264 22810 16824 20680 31564 7512 6230 29214 31226 630 10684 20218 13950 16604 19190 11588 20468 26816 17076 4862 26150 17752 28590 25368 4874 72 11836 15498 7568 6494
8
1663 17020 7586 26946 4064 23932 22140 4972
95
9077 25271 15665 6452 26181 12657 30649 12475 6291 17693 32059 7649 6749 7491 12399 21645 31677 1587 30393 1443 18141 19187 29265 141 11079 17275 10147 21273 28259 4901 4593 7051 17723 11103 27455 16617 31617 26275 11119 1437 3027 20395 685 10299 3389 26845 21253 1695 6655 2059 27995 30525 5009 6751 5501 19633 26595 25749 4497 14235 15339 4965 18615 31411 8025 12353 13543 9487 11693 20035 11299 18123 16493 873 17611 21455 5807 507 22859 10471 5597 26189 28413 26393 1977 3245 1097 6453 31133 915 2577 22443 8457 28189 3149
21
19955 19021 3795 21047 23579 28015 27369 25281 23647 30277 21948 11145 6791 21903 16607 19555 6501 7137 28509 24001 11005
95
21482 2802 14022 30776 32254 906 3776 14406 15914 14666 9466 104 12700 14000 29648 21530 13870 26948 23916 19564 512 27324 8334 18870 24156 24638 2696 28038 2530 25598 2702 28894 1508 11540 2604 10910 21266 27018 12056 23100 24914 32432 27178 2748 14068 9140 30632 8666 4868 2678 13512 28556 3838 2712 28272 20906 938 726 3392 16356 13628 25748 17106 21500 2758 7614 7232 8758 21710 21708 7656 30218 26422 11044 19564 18204 2662 31140 18172 31342 1958 15232 22230 17364 21706 6986 6158 15272 8982 22096 8076 31937 21848 27178 16982
15
25101 8167 24701 19833 25271 5398 21405 21327 11719 12143 24125 16811 26193 28729 31965
28
31405 18171 16115 17179 10857 12631 23927 28677 9851 24553 26527 5421 23655 32063 17559 2201 26469 8119 14609 9415 32336 4059 25667 24991 30911 18669 3633 31143
6
28532 15342 31700 14499 1896 23402
36
30958 29946 17720 24594 8884 16232 8426 25912 28368 23474 4216 30346 4884 32110 14824 8084 13364 8341 11044 28956 12328 14922 6024 22686 26580 27642 3750 3066 19428 27814 4164 23912 12538 7298 8614 2996
14
25255 4099 21903 3193 16323 4531 15537 27839 20277 32488 7623 23983 5379 25551
27
24999 3477 32391 14389 26011 3649 311 9045 18147 3497 30579 18555 4145 5845 32517 20945 30794 9589 1179 6619 19957 29259 11983 31337 23323 22959 31327
