1000 413
193 737
1 688
9 581
174 701
260 648
59 741
94 628
88 614
184 563
60 726
44 647
72 535
15 592
255 604
15 576
158 546
44 698
140 726
258 658
180 552
171 692
112 677
225 568
214 575
124 667
169 738
168 610
248 665
253 515
265 531
46 641
152 717
184 696
167 544
100 522
225 728
227 745
159 574
102 738
152 676
101 648
141 506
268 744
158 574
131 503
132 723
37 741
35 693
43 607
256 512
132 631
91 591
236 640
220 711
50 503
246 766
93 639
187 555
195 748
234 667
138 513
53 663
247 703
123 683
147 552
110 767
4 737
45 769
11 732
120 590
268 697
239 600
87 748
50 636
218 701
33 708
231 751
27 691
269 735
128 531
216 626
55 674
59 703
22 710
190 531
33 573
10 632
85 655
77 516
92 545
204 521
139 641
99 578
130 646
108 615
247 533
248 628
219 731
235 502
168 583
63 612
211 521
34 547
221 772
68 542
209 662
167 508
263 591
258 692
243 682
187 772
72 617
251 602
265 658
75 763
29 735
12 706
164 609
158 520
213 698
71 588
102 596
264 531
55 585
145 676
52 722
259 659
224 620
242 567
203 764
80 593
177 606
157 520
24 509
67 739
106 629
106 659
90 538
254 566
194 560
21 631
134 734
220 656
178 556
245 518
121 586
81 568
36 629
85 552
270 754
140 687
161 669
203 736
28 728
38 703
210 631
153 636
55 727
110 708
164 618
21 694
180 516
52 559
61 599
203 729
100 558
80 772
35 557
128 504
117 626
209 596
120 545
5 740
3 752
114 600
81 634
157 766
79 718
113 549
100 762
114 682
147 538
10 699
141 752
198 707
91 555
142 553
152 502
134 698
240 631
19 771
39 608
158 652
132 584
256 630
218 726
245 559
31 537
195 554
17 535
196 706
33 607
172 724
202 608
19 509
19 772
26 681
92 727
83 514
189 635
74 733
143 552
214 757
267 713
230 533
228 723
184 653
101 644
237 549
108 603
234 693
27 540
210 720
231 536
272 764
175 617
117 629
93 747
193 556
86 723
125 671
193 680
235 673
260 572
146 671
192 678
4 653
214 699
246 569
117 577
256 697
93 595
269 739
223 641
90 573
154 537
36 570
87 764
157 593
7 608
123 751
171 658
193 586
61 698
226 565
167 754
120 674
20 672
12 512
86 556
92 583
127 712
264 758
26 697
37 760
272 745
267 565
249 547
41 661
213 571
115 612
196 605
228 755
111 723
58 592
262 720
125 607
10 761
164 514
67 651
245 679
162 741
6 539
25 528
158 752
33 668
21 723
230 664
138 705
54 666
180 647
185 726
123 642
154 510
53 587
204 704
71 646
219 673
269 670
126 688
73 705
48 563
196 751
235 553
231 535
158 734
20 727
45 615
27 656
174 643
122 748
105 567
172 658
244 657
228 518
33 752
140 614
45 691
224 659
120 619
82 501
261 657
183 719
245 609
59 596
29 529
159 608
190 678
127 687
116 581
16 570
254 622
178 547
159 713
102 520
3 570
89 564
10 753
56 624
39 561
179 651
31 664
100 703
6 560
68 682
63 649
181 610
151 648
14 546
60 604
244 518
217 565
116 657
213 565
261 551
255 506
81 718
22 502
23 592
126 734
132 563
116 560
56 530
114 547
28 629
36 653
122 675
220 669
34 690
125 767
202 719
30 655
15 662
193 624
151 761
251 540
197 770
110 603
206 604
200 755
64 516
180 648
168 581
224 582
268 546
164 716
247 644
71 583
235 601
267 569
38 719
19 582
148 629
232 563
255 676
137 529
246 715
117 693
142 750
111 727
163 626
9 627
88 766
211 588
192 621
45 732
194 627
100 555
148 530
198 541
240 697
135 662
164 624
96 659
221 720
248 617
159 762
231 758
109 548
224 600
157 517
219 736
190 759
13 607
100 564
74 680
72 730
74 768
232 702
165 735
181 685
125 758
163 761
119 594
22 654
96 730
143 597
198 517
10 683
36 517
186 525
1 621
80 676
48 637
55 567
181 607
217 674
262 749
89 677
124 749
225 766
26 722
166 603
12 599
57 620
113 516
51 725
199 593
190 547
87 512
63 626
75 548
122 557
32 639
131 536
232 520
176 681
151 771
253 521
39 732
61 632
133 743
168 636
147 593
204 737
166 540
153 718
127 600
108 587
105 654
222 614
231 606
18 576
9 707
169 587
189 707
169 616
192 698
200 518
216 662
67 663
199 505
228 656
151 577
258 581
7 655
28 615
261 663
43 738
163 538
228 735
178 633
128 584
58 603
90 608
39 614
140 668
39 640
200 771
35 607
255 740
19 683
41 762
263 659
139 750
29 723
212 606
69 657
103 655
255 588
64 573
140 572
114 662
26 540
262 555
18 589
199 559
92 684
220 709
257 604
68 578
53 537
181 628
1 701
129 516
159 687
81 596
33 705
95 665
166 524
71 559
141 736
64 734
115 510
256 627
65 554
10 569
75 526
204 660
192 726
117 508
175 572
113 565
123 682
62 537
135 545
108 766
252 759
238 707
192 738
124 664
132 604
16 636
150 595
89 538
119 737
118 538
103 634
136 616
76 754
138 517
94 734
47 590
2 685
168 578
93 761
78 669
162 620
9 533
1 556
191 615
151 510
60 625
229 630
138 583
179 675
49 687
143 584
116 507
207 582
258 556
76 696
109 738
208 512
59 666
106 673
64 672
190 678
12 625
235 764
112 549
251 510
206 691
51 585
6 696
126 561
245 689
63 565
216 669
127 504
105 736
69 571
82 741
215 558
190 506
16 605
64 574
188 640
78 560
73 586
231 765
185 505
7 591
192 570
135 505
126 590
233 557
249 598
85 554
9 597
137 617
223 715
5 687
234 674
95 704
130 617
228 571
69 608
112 532
268 546
153 540
215 535
130 594
132 736
193 633
246 739
85 602
88 749
227 624
166 532
15 557
86 614
259 759
84 566
185 619
37 509
25 766
208 689
169 608
230 603
264 660
49 701
139 759
143 536
215 637
109 724
13 751
15 692
47 590
68 659
265 525
2 651
54 607
270 631
53 742
181 539
162 562
244 514
3 683
44 633
7 683
264 712
136 669
205 598
143 658
208 668
266 579
62 527
12 550
95 525
173 708
107 517
34 515
106 521
71 620
204 682
193 691
94 546
31 620
69 532
17 718
223 686
246 676
55 688
219 513
1 577
250 597
69 689
34 666
71 567
65 657
161 507
12 565
225 590
35 752
47 601
235 770
182 578
135 549
33 502
192 659
109 765
147 612
73 572
53 595
109 537
123 718
210 655
70 728
1 706
83 508
248 543
12 516
227 523
8 586
261 603
268 582
71 565
146 523
59 673
262 671
268 632
257 567
41 761
167 762
202 528
258 528
178 551
205 721
37 743
84 742
129 718
253 667
162 582
128 754
186 594
26 696
126 550
77 621
100 639
111 767
50 546
240 746
100 721
46 764
180 685
183 537
52 750
230 730
189 650
118 751
5 658
76 716
155 576
156 592
232 556
263 545
208 751
128 666
216 514
134 545
214 657
268 690
117 509
20 559
33 643
15 616
97 548
66 752
86 768
122 574
220 682
175 689
52 631
164 715
126 654
263 751
46 735
177 672
79 529
268 735
199 751
135 559
167 672
200 529
1 678
20 502
62 552
226 679
124 533
192 616
184 688
235 685
202 767
163 608
176 704
268 725
179 664
119 631
134 529
149 560
56 720
39 690
238 694
256 512
226 575
199 747
144 611
132 713
198 644
79 731
44 565
138 514
84 654
28 721
129 611
136 517
213 533
242 750
82 728
117 706
237 645
45 506
241 595
45 632
169 569
196 571
74 636
5 605
104 768
67 555
221 502
118 594
239 615
20 672
228 723
212 662
112 672
6 765
111 723
72 755
56 518
112 584
55 532
5 661
233 550
40 515
152 506
64 683
247 690
266 561
163 656
135 574
155 631
233 600
141 707
50 556
148 509
115 521
259 591
9 591
267 673
168 548
143 563
222 652
156 526
116 630
130 680
36 611
201 536
201 558
118 714
94 570
265 601
92 515
85 512
169 549
83 765
1 714
89 521
31 617
235 747
211 659
40 586
71 642
164 718
78 753
42 544
57 763
34 625
75 536
230 718
102 666
174 772
51 637
94 676
29 667
11 662
247 539
18 613
132 514
33 732
174 593
123 718
73 532
245 726
242 666
244 721
250 501
23 678
154 597
204 688
217 594
176 708
64 544
128 635
122 588
144 723
129 685
241 578
11 609
133 549
98 555
162 757
246 678
8 510
24 712
132 667
61 707
141 551
193 511
103 704
222 659
98 603
268 659
216 731
20 609
96 594
107 504
231 697
4 705
36 613
59 666
77 629
123 748
205 713
218 665
161 509
78 768
112 600
250 526
81 602
261 671
68 590
65 656
96 588
264 610
92 556
260 527
179 769
158 705
205 674
144 521
188 730
163 657
209 713
146 680
81 612
83 631
55 582
181 718
157 657
140 668
238 765
228 744
243 645
202 538
49 768
116 522
10 595
