1000 449
102 508
194 523
28 750
152 707
32 673
111 612
21 661
90 593
258 700
128 686
50 667
264 548
148 646
159 770
192 611
87 620
79 566
8 715
134 740
99 508
267 761
6 716
50 676
171 584
178 552
63 647
173 721
205 623
149 760
101 642
118 620
42 611
50 651
258 767
143 664
226 640
155 757
34 590
271 522
80 690
147 704
192 549
266 683
166 593
57 737
69 767
176 541
157 703
146 708
88 596
102 718
10 565
19 582
224 756
4 677
77 740
201 578
140 770
73 567
171 724
230 656
168 637
61 534
18 578
32 725
147 771
1 736
23 538
254 745
207 756
139 713
159 539
178 729
220 713
97 567
253 714
17 639
98 665
229 669
34 706
265 733
140 615
39 726
32 513
248 709
30 519
149 650
60 682
263 663
71 707
236 510
182 504
202 578
253 563
257 646
79 718
116 532
187 647
86 605
82 692
6 522
157 625
262 688
66 652
177 746
25 645
58 673
9 555
12 680
79 694
208 618
35 763
25 509
12 680
224 741
227 708
154 550
108 679
102 660
200 719
260 572
11 534
159 697
64 760
113 650
257 718
84 644
65 693
232 551
25 640
201 591
259 711
36 654
90 666
51 578
220 586
111 591
103 761
259 673
142 712
158 508
251 675
101 689
69 604
240 586
236 562
254 608
249 555
159 739
186 683
158 634
167 747
223 753
250 737
19 599
48 525
149 587
216 719
142 626
226 570
174 584
257 592
13 606
6 613
20 754
77 666
141 652
89 580
78 506
271 527
129 650
136 557
164 721
177 568
34 506
181 637
231 559
116 712
138 578
161 686
8 688
133 660
204 637
42 529
49 701
130 577
130 637
230 597
87 514
32 593
83 556
131 555
144 567
257 747
140 695
269 551
43 573
53 550
218 771
91 738
43 598
208 630
48 548
156 684
149 697
96 736
269 642
9 591
266 707
182 629
18 765
161 504
123 756
223 602
266 598
38 509
43 590
214 539
123 551
26 554
113 689
12 503
237 532
29 715
209 574
79 674
250 772
225 543
51 540
87 649
101 657
237 752
108 566
2 538
262 721
230 737
93 763
113 596
117 720
141 602
208 625
12 764
172 606
39 640
248 627
50 636
231 579
236 720
101 731
113 700
41 764
77 650
5 693
58 744
252 515
33 712
28 541
185 619
145 610
6 742
127 676
116 616
18 716
132 726
235 516
148 665
63 569
249 769
114 566
196 513
110 769
215 670
56 590
135 615
201 759
264 770
263 661
162 754
122 511
34 517
255 754
120 728
59 745
71 732
218 513
206 665
187 605
120 614
211 540
84 694
37 665
148 622
220 597
209 511
60 672
57 627
255 691
189 750
241 719
242 694
193 707
180 716
104 685
4 661
216 744
129 635
110 660
84 710
183 541
152 542
101 728
55 751
131 700
117 702
219 643
104 513
260 546
84 563
237 763
132 626
143 510
238 601
272 713
239 608
141 595
29 529
184 658
160 557
130 654
78 666
88 572
101 564
175 561
31 757
87 769
234 574
142 547
252 593
43 697
240 679
159 628
24 534
189 616
243 504
31 742
124 562
154 742
137 655
43 507
2 599
186 543
46 543
164 521
156 723
245 664
272 718
108 556
191 730
209 668
181 754
234 648
175 693
121 752
126 567
43 728
127 592
186 645
132 547
241 683
81 670
7 575
251 765
206 605
188 587
5 511
133 626
125 647
25 656
176 649
264 599
161 520
132 529
228 725
247 572
205 512
29 764
31 567
105 562
205 502
86 768
92 565
266 504
258 508
158 704
176 661
210 753
185 583
164 588
119 613
153 579
239 614
147 635
144 683
42 643
205 560
102 692
114 612
212 745
173 590
112 655
191 649
175 735
255 572
239 514
151 589
167 507
58 554
182 563
113 604
6 700
109 591
55 701
197 615
154 592
32 748
116 709
228 653
108 768
39 727
247 704
12 568
70 536
271 753
26 669
189 729
220 672
170 720
178 706
134 713
15 622
72 610
269 635
239 619
237 504
102 516
223 579
147 643
193 553
200 585
260 638
21 550
103 743
173 573
35 726
206 680
266 574
63 659
272 581
113 673
257 661
267 536
73 760
126 542
63 690
62 559
248 542
14 554
167 530
253 631
147 621
89 741
29 701
125 609
242 537
225 572
139 569
161 611
121 616
3 713
29 508
151 678
45 557
240 589
119 708
74 605
94 631
213 755
67 690
181 757
170 601
75 529
140 621
33 608
19 715
43 699
178 633
21 718
119 704
169 683
218 573
197 518
146 565
137 760
62 744
230 627
188 710
191 658
249 641
207 709
106 650
183 761
61 576
116 769
271 567
27 769
185 749
168 709
169 612
173 701
249 770
77 602
33 641
224 711
195 699
271 593
52 664
26 526
53 638
144 691
169 656
253 687
25 751
154 743
178 530
32 700
56 649
146 565
127 551
40 618
256 568
156 526
214 570
203 613
265 553
159 659
175 506
138 728
22 611
128 771
58 729
178 515
7 508
124 712
221 710
261 757
176 539
146 545
6 564
200 734
3 570
22 619
248 577
1 545
196 606
139 716
111 643
204 624
91 722
43 736
213 681
87 601
254 606
56 729
74 676
257 504
212 643
212 557
220 622
103 513
32 719
39 541
239 633
184 599
33 552
14 647
142 683
22 612
249 736
49 656
122 508
11 536
211 700
198 505
68 508
100 644
112 632
31 526
218 626
134 733
110 591
224 769
195 770
235 620
205 601
92 763
267 586
129 532
149 644
68 536
186 754
134 581
210 548
121 721
239 658
11 680
65 595
120 652
156 567
24 629
170 662
231 711
231 728
129 644
178 622
261 764
24 630
13 691
109 642
119 672
95 605
254 546
192 562
42 704
228 622
255 553
204 538
43 750
149 596
14 659
190 759
203 531
264 604
32 706
142 522
184 516
265 726
158 616
251 740
134 561
214 508
104 753
102 640
268 629
31 502
272 542
84 608
212 583
101 713
155 531
111 585
8 699
15 574
44 537
9 534
73 715
60 722
50 684
212 537
93 680
29 598
243 711
40 514
139 617
235 557
11 527
94 659
176 627
115 627
174 677
58 682
156 616
131 515
236 522
74 586
140 737
170 602
22 671
247 523
183 648
149 664
260 686
181 547
260 562
119 659
207 769
182 540
214 569
119 604
205 621
53 579
19 675
80 617
192 651
85 657
77 730
17 586
143 636
196 569
181 534
268 555
14 722
176 524
152 652
132 732
256 697
250 552
236 684
73 580
185 515
32 639
173 691
154 527
200 727
245 749
208 620
135 582
224 627
113 752
225 713
152 752
83 646
230 514
8 724
66 543
191 577
30 712
85 671
207 531
96 672
170 541
145 666
251 572
43 748
74 503
220 641
33 626
137 543
114 724
266 526
117 665
70 514
28 548
46 582
237 752
253 634
94 734
141 558
204 741
254 718
151 660
2 641
43 699
266 639
25 597
109 678
160 674
164 723
259 612
93 648
179 639
217 683
147 729
153 771
270 600
216 616
170 722
55 689
55 612
259 549
102 611
75 725
270 680
212 696
145 524
70 596
112 567
19 523
197 722
210 735
56 586
49 700
239 706
122 529
84 659
117 611
214 675
234 525
126 629
167 644
206 697
167 735
259 749
173 579
120 607
151 737
125 701
82 592
203 604
27 766
17 701
53 525
242 672
189 523
93 582
192 686
155 702
109 603
172 693
47 643
73 527
159 563
100 516
42 637
186 654
210 687
158 708
220 713
75 731
162 661
138 706
122 574
256 629
238 596
92 564
38 681
220 599
223 585
21 526
139 539
49 524
102 708
140 764
170 688
155 686
181 654
99 737
1 513
239 540
160 607
132 632
210 567
192 643
138 675
69 523
255 728
206 673
26 746
12 516
209 686
115 614
78 529
231 521
87 611
114 747
100 575
5 738
25 626
169 724
45 745
29 679
209 723
263 719
108 757
241 539
40 576
141 569
33 630
120 560
36 615
171 717
87 750
112 561
243 546
71 611
163 752
100 735
34 766
107 526
9 744
75 703
123 678
156 579
31 526
36 647
257 718
166 712
227 610
186 704
206 735
97 591
243 694
84 541
247 734
176 749
10 749
271 716
43 677
91 645
134 644
124 688
15 750
133 691
159 764
100 523
15 695
182 653
114 613
197 601
217 680
102 656
193 585
95 667
141 704
159 744
207 639
131 699
145 720
116 592
143 502
145 572
251 647
270 761
222 591
257 714
72 567
70 580
179 653
46 758
153 529
35 557
193 751
217 536
64 541
168 598
240 518
215 698
78 721
42 581
6 755
226 519
150 533
1 554
203 579
226 757
30 641
220 551
111 719
146 706
217 580
78 593
48 731
73 589
232 681
3 572
65 729
210 580
185 626
94 586
36 577
62 540
206 621
136 628
56 599
96 741
174 563
187 710
55 560
172 585
31 741
122 619
262 724
189 755
127 527
17 661
69 630
217 641
240 501
27 662
200 756
118 555
259 668
29 510
11 553
22 594
90 749
105 585
262 722
14 742
134 637
259 735
