1000 378
51 604
102 659
58 681
118 718
10 710
101 562
270 591
243 620
191 763
81 685
180 518
48 570
23 759
41 515
166 604
128 584
13 754
256 637
213 595
4 681
22 597
143 718
231 754
256 719
19 674
140 656
152 501
78 678
47 628
87 542
49 768
23 567
234 701
96 509
27 522
168 502
13 535
81 767
142 547
211 680
99 579
151 706
81 587
148 712
153 678
213 625
241 742
167 750
5 744
159 635
117 583
35 616
104 764
80 553
265 615
147 729
98 726
249 501
215 649
163 754
162 697
44 596
226 514
127 596
185 541
174 537
86 674
261 752
90 614
41 712
121 557
247 656
169 728
30 501
59 601
172 723
109 647
28 535
108 656
160 766
219 748
151 523
160 732
18 750
247 682
147 767
125 558
22 634
130 649
190 595
14 674
98 652
241 669
81 766
67 693
119 674
32 563
108 607
97 735
249 560
249 654
43 757
223 575
218 676
16 731
71 648
10 596
6 680
203 541
125 502
88 740
7 658
35 727
73 504
2 706
141 514
254 670
201 697
166 605
89 630
71 578
111 771
56 684
107 517
123 762
92 560
233 680
240 624
35 525
80 720
58 710
115 511
88 771
12 578
55 691
126 731
208 516
215 503
237 749
213 525
69 648
193 644
96 711
19 588
53 509
173 647
252 580
188 562
64 639
237 634
64 643
147 505
11 508
22 722
171 649
6 632
51 511
104 707
163 530
50 676
48 594
134 740
103 739
253 514
159 672
11 532
176 587
112 678
90 691
270 644
94 553
132 605
19 571
55 674
180 692
95 582
195 600
22 612
24 562
75 597
23 636
112 729
174 692
128 726
180 570
71 551
50 676
18 595
135 680
10 717
244 707
61 653
62 527
180 668
232 555
107 610
61 744
238 570
194 624
176 508
229 641
180 697
157 728
54 591
231 597
216 711
255 671
272 530
248 553
140 741
202 724
129 732
72 574
94 730
172 638
106 538
125 763
269 768
67 736
231 690
77 532
110 505
188 723
107 511
203 762
263 641
34 571
68 708
71 695
211 504
124 757
186 623
241 701
23 696
51 768
137 558
200 602
227 738
97 501
179 730
134 603
97 694
172 731
266 668
12 770
40 518
141 503
13 681
75 673
219 661
185 664
52 516
255 557
24 665
110 771
156 618
188 516
20 658
51 520
122 578
61 640
128 557
118 530
145 741
151 529
14 541
78 577
127 721
105 600
50 603
163 712
124 529
181 577
142 538
271 656
268 516
55 593
216 653
28 717
194 671
120 569
204 739
233 702
113 627
100 565
51 571
265 633
40 658
143 768
40 585
147 542
120 671
39 557
52 542
191 715
190 720
117 731
234 538
137 736
180 612
258 740
52 562
232 612
8 767
41 708
115 752
159 708
54 524
3 634
209 746
189 759
37 704
217 584
100 561
175 686
95 623
265 501
86 545
226 501
1 727
58 734
232 694
48 642
47 758
146 563
180 679
223 584
54 550
164 693
80 586
260 605
43 717
20 764
194 733
216 734
139 520
43 551
266 586
174 688
221 532
67 532
12 543
27 512
159 567
186 714
189 638
112 586
83 515
178 718
154 502
246 704
142 510
59 581
98 577
160 690
25 747
119 636
32 512
228 635
145 632
180 751
176 718
70 766
145 567
247 548
26 558
165 658
147 629
109 612
164 519
246 532
142 512
51 606
29 740
170 544
221 730
254 546
74 528
8 508
31 718
220 617
149 767
171 616
162 645
136 609
91 508
209 689
39 680
99 621
75 534
87 687
196 686
188 561
194 561
145 578
232 649
30 650
55 698
265 642
68 712
25 717
58 618
170 586
143 578
165 767
252 539
21 740
23 708
243 622
40 741
235 696
25 698
93 552
99 710
254 567
163 547
143 715
255 622
58 508
211 736
93 767
103 557
87 693
73 569
77 732
212 695
108 625
190 767
223 676
103 594
21 538
74 523
256 558
62 543
148 513
142 704
212 520
268 638
207 578
43 697
106 530
232 566
214 713
18 599
176 739
168 656
69 746
116 581
70 655
229 648
249 697
254 686
246 647
39 532
106 742
49 543
143 647
173 745
265 536
36 591
190 638
132 637
161 607
203 769
46 503
153 636
246 659
192 728
131 590
72 510
132 760
79 756
210 537
118 510
46 529
97 704
172 717
112 520
140 668
124 705
42 596
57 723
101 581
19 710
18 512
218 544
161 517
265 737
272 643
158 746
239 623
200 741
242 686
236 538
193 701
83 659
130 516
171 557
123 688
212 626
269 754
65 581
151 762
67 539
236 504
118 678
238 523
214 613
188 703
96 625
42 522
157 741
50 569
191 575
156 707
34 579
98 749
23 542
132 652
179 600
219 649
108 597
63 516
156 614
12 561
105 690
28 534
22 628
25 694
94 646
118 674
254 509
21 651
242 596
212 745
77 649
6 700
242 764
76 665
184 606
198 505
146 616
27 637
46 648
219 739
135 613
4 672
151 743
221 521
60 612
32 555
201 530
141 728
103 603
177 527
60 560
85 684
107 532
261 503
194 700
195 728
35 565
160 553
237 625
6 599
188 709
126 728
44 738
19 712
94 598
67 519
231 558
39 613
156 543
214 661
33 520
268 594
68 565
188 755
81 701
256 760
255 705
14 590
61 521
63 537
86 665
70 557
204 519
95 525
201 727
261 596
90 768
154 717
244 653
44 670
213 539
162 511
170 665
112 598
37 595
95 538
229 692
40 599
171 748
228 564
154 593
39 650
222 585
50 570
36 568
27 550
219 633
212 628
125 632
94 708
172 700
146 684
137 543
182 646
200 569
81 505
211 714
77 664
156 583
96 621
16 571
244 689
101 771
21 705
47 619
254 648
265 686
190 580
249 602
231 741
228 507
57 576
32 548
164 523
38 667
99 700
220 622
62 608
7 581
230 514
142 616
149 730
263 515
140 553
198 681
2 696
67 651
222 638
99 614
167 695
156 582
80 541
146 659
12 684
227 616
65 549
84 587
228 765
254 529
124 564
167 569
197 642
216 658
43 730
90 593
27 607
129 724
270 604
121 592
157 524
110 725
47 668
95 742
197 608
200 639
206 753
76 570
241 747
232 569
13 528
232 682
35 542
263 516
26 709
203 579
93 591
236 594
97 635
139 723
116 698
209 591
124 622
128 694
175 682
88 532
24 699
219 509
16 552
193 577
7 585
192 750
37 576
242 564
76 662
183 688
117 703
260 518
96 668
260 651
117 701
172 536
177 732
26 765
141 734
242 550
266 681
164 670
9 755
181 542
57 600
206 772
138 605
203 661
11 750
145 672
263 559
203 681
244 565
178 755
113 684
62 729
253 538
206 690
108 632
252 548
53 747
195 539
195 699
35 554
242 634
11 688
70 597
43 630
209 585
121 575
260 582
265 707
176 690
142 593
236 569
253 709
19 765
144 616
106 507
169 662
13 537
93 605
156 653
241 706
268 544
128 567
164 651
248 730
182 764
74 682
99 698
126 721
121 766
58 517
39 684
74 739
123 580
90 578
132 609
135 520
14 643
206 504
34 615
96 608
87 563
114 689
23 649
232 661
194 769
219 545
238 563
179 654
222 522
254 733
225 661
18 616
69 718
100 676
150 510
40 537
192 614
110 593
141 641
258 717
14 699
106 707
209 612
242 656
172 569
31 629
199 504
60 555
178 511
105 534
57 687
181 549
193 534
193 619
117 661
38 645
113 660
18 712
75 522
166 561
48 566
232 613
163 691
30 556
28 760
256 590
189 724
223 517
1 663
226 694
235 739
90 580
147 661
265 516
40 573
270 569
140 531
49 738
33 730
111 675
61 748
50 514
242 513
13 693
8 702
84 722
41 677
266 772
258 620
77 591
108 543
202 716
129 665
38 757
71 714
91 536
118 752
81 768
261 532
86 627
5 532
194 578
243 589
15 761
256 631
53 571
91 522
25 607
187 529
223 669
73 509
171 687
249 686
136 699
95 759
35 522
269 756
174 659
268 633
20 746
162 696
255 607
148 646
221 771
149 679
92 722
183 564
154 700
176 639
11 718
213 671
140 690
197 524
195 518
163 739
19 759
211 724
212 552
242 547
54 761
65 763
226 592
79 559
259 530
102 610
53 665
72 600
12 741
218 523
166 771
49 604
168 676
35 529
4 506
142 717
22 513
198 606
131 747
58 757
34 513
174 502
75 627
25 652
220 664
156 533
2 650
128 514
223 753
20 648
261 543
236 602
223 616
206 755
135 541
221 648
259 553
205 670
168 667
224 702
118 561
49 510
174 719
131 525
84 540
222 709
267 713
174 507
84 682
233 576
32 663
203 582
227 665
222 558
163 547
87 667
21 643
146 589
69 702
139 735
69 514
96 518
126 766
225 506
263 707
91 703
167 688
259 678
191 699
191 607
170 552
192 508
116 688
93 541
175 570
36 741
94 718
121 603
225 701
191 717
204 523
75 587
78 708
175 555
4 620
20 617
34 666
108 772
192 584
21 587
168 540
57 726
223 764
175 585
141 763
224 756
40 619
