884
7223 14634 15179 3946 4924 6182 25973 470 5753 30508 9580 25875 21655 4496 13127 4783 31614 28138 2636 11175 12232 18365 15365 28457 6261 15446 31126 28318 21216 16119 18253 17128 25329 6197 3707 9960 29589 29855 386 6980 31595 18080 1584 30567 6593 32679 6731 3017 16318 25732 26221 14704 31200 278 29458 8887 28074 32547 13296 22862 24470 25735 23943 11650 21841 31889 14584 702 10279 28842 27162 19794 7100 21559 23499 7540 19710 10177 18052 23428 3415 5971 1329 6549 32295 30756 11327 7720 113 18806 5878 3130 19669 15550 24329 19586 18366 2309 29291 7156 26076 3470 15205 25481 13525 1977 3814 15682 23607 24615 21786 19051 10930 21279 8253 16157 900 30769 9650 18182 16436 27929 19791 10092 23171 10214 19196 17008 29344 13403 30332 24464 1435 24725 21898 23920 26652 7406 3112 12506 22869 4898 10036 21763 16949 14512 30012 4368 29918 24707 24979 14040 90 4050 1444 16108 27785 6725 25735 26069 29278 18777 1234 11932 1099 4869 23730 28304 15098 9118 17466 17987 31294 16120 25082 11222 25161 15566 17876 27254 24863 9315 9739 15143 30795 11114 29341 23232 2768 7203 13011 16695 18274 26312 24854 24095 726 25127 14596 32367 5848 32656 11203 16261 6364 30193 28309 13163 32087 10304 22445 6744 31534 19225 32066 21882 17262 3497 19169 30450 24895 18890 263 4897 22035 32623 21231 14114 17955 8003 5801 10391 18716 26765 15212 21161 13077 24151 31277 1098 27077 6095 29808 25533 6643 28653 13663 15193 24877 22614 18713 906 16317 21377 24140 19992 26329 23064 9734 30380 14106 12193 26056 15504 816 27229 28637 10678 27347 12912 30185 27388 25084 31811 27077 32174 14422 16935 24714 22092 13551 315 11244 25742 6708 32143 7626 6310 9756 4489 10754 19909 25251 3208 23178 15840 23162 25800 18877 25268 1533 16518 5874 26632 1125 6756 2387 4914 30015 1294 21741 17372 1565 21022 13827 29192 2187 8253 22184 19794 9284 5259 12941 24949 31142 17218 27927 25617 18532 2966 19892 4012 28283 27359 22128 12278 21351 2809 10435 17233 5014 4075 11437 21904 29 26824 11781 30719 18090 10195 25615 31396 21945 9702 5964 19141 20747 29973 22934 6827 10836 26254 1132 13989 12853 10179 29066 11087 13673 15052 8636 8467 31299 19974 17909 4337 12888 14081 24219 13948 13433 5273 25894 25381 4836 23650 13289 5820 25018 22346 8239 308 16820 20857 31370 20903 786 380 26984 30361 29909 27299 20967 13185 13358 16039 17131 12166 4150 656 5741 24966 21983 31446 15638 32092 6187 8903 26636 18019 18588 13096 1292 27446 13291 31775 16569 20154 14077 5713 819 25183 16402 12103 6892 30114 28736 29974 2487 7895 28960 25919 10274 8485 21191 724 4870 29650 1527 14300 5980 20160 18071 26105 4178 24632 2657 27208 27551 4071 18395 6281 18451 29478 10632 29056 25202 22143 351 6298 17538 108 4220 19668 27235 4449 30486 26841 21023 9485 24753 11882 10626 6366 16532 24835 3628 7107 12926 29628 5092 27445 21397 20077 1327 24952 10143 28181 4641 14622 24180 25725 24948 10702 3507 31512 14295 16963 12981 32046 10632 9111 4287 27961 2597 450 16252 10640 3776 3422 32170 17474 22065 10925 7187 4677 19376 6620 5311 13776 6051 29833 8808 10245 4788 9348 27694 1491 28455 14290 6540 9243 3178 13816 25227 12049 10478 23158 28725 22758 26166 22673 8525 23460 21294 3157 1853 21081 28861 15579 12112 11639 25757 21448 3105 18043 20075 11798 4948 22221 29434 27159 25475 21991 12781 22198 1659 698 31109 26625 9129 7245 11447 21732 14031 3496 12162 16951 7931 4336 3455 7932 6586 3539 28346 5601 32393 14119 20160 14349 20108 11213 10745 17688 27779 7900 5432 13403 4345 19195 29585 25451 20158 13583 15979 3552 15256 535 5077 29275 4406 25683 32542 18631 23141 25516 12191 28126 135 1360 4572 26607 19776 5789 32460 10463 13426 8000 30068 12655 31340 16030 4795 31164 2654 30835 15225 17164 4368 13496 11473 14023 12244 30411 26305 30404 23482 4042 9463 710 15618 20543 23014 5959 8919 32003 24602 26996 24378 2908 21960 25720 7996 26729 22186 19453 4976 20416 2057 26608 31904 30037 11036 7557 28863 1694 10640 6524 27679 18164 20584 28578 740 19261 11527 21402 18105 6344 16523 20189 13505 11128 32093 6144 16336 10021 17158 28470 19164 14399 19525 9237 10158 26548 17246 10397 28125 26132 28852 21878 15869 4596 14234 17273 17684 15760 21863 24178 5197 30644 5832 5412 8433 23516 30555 19086 146 11674 24441 27757 13706 17208 29779 21250 8100 926 11840 19989 25880 31607 10581 826 26557 19856 25655 339 6778 640 24877 11606 19197 31630 23929 27729 13232 3279 4841 11947 27113 655 14249 16556 31842 5618 12379 1087 21992 5339 10345 30711 14423 16653 1178 12113 25541 10897 25572 8249 15870 2391 8834 27087 3633 23072 4934 30826 8424 17050 25391 10973 26685 205 23358 23802 27723 27063 29830 31573 8164 15155 29315 1099 28034 17696 30636 6722 4223 11710 18507 2865 3720 21851 12173 29028 25935 7472 15061 20857 16512 5510 16214 22959 19447 22301 24033 9824 30256 3021 30971 12235 14078 27246 20787 17687 11904 10742 15283 14485 12369 12257 10004 8518 3840 32214 25207 21917 15296 8839 23249 901 3680 12761 17030 2470 18813 2117 22330 30180 12022 23933 14819 19753 14496 27219 3363 101 18747 9687 19926 13011 27045 24000 6631 13693
25
555
299
788
571
61
78
401
200
257
392
867
665
93
2
577
102
27
304
511
673
54
89
264
445
695
