1000
29737 8819 3249 20885 3908 11155 10048 4187 5849 31582 28036 24801 28300 32440 4448 979 4456 19789 29022 11485 13943 3029 489 5907 9104 17303 22205 14481 8817 21291 24731 22878 19470 23685 13121 4503 7720 21551 26521 29385 3872 5590 28209 24734 5134 8712 26091 23740 19726 26940 19190 18922 19418 18451 4604 27252 10398 6365 925 7633 22791 32351 27677 8580 32157 19412 29529 22848 6484 11825 12544 25167 26461 31405 20735 30261 17218 18049 23613 24720 22322 11244 31113 3138 1178 24699 15057 27602 15093 135 19092 16656 12516 13311 3481 2040 13185 4200 3298 2265 32752 23585 15324 21943 23352 5868 28376 14061 23633 27562 5566 19222 7295 28518 3840 24110 16862 20885 9934 15349 6205 24988 5769 404 11311 3475 6265 12931 7264 15945 25538 5290 5414 13448 9364 6087 10840 19354 17571 19471 867 17675 6103 11288 3482 433 16708 15862 10446 19434 25692 20389 543 5925 30307 21159 4369 22692 17444 6893 27363 23936 32739 1275 24604 16877 27538 18248 6246 28095 29512 29411 8351 14893 19438 26460 7982 9429 27196 15842 8851 13313 26084 28585 15938 28713 7436 15247 27058 5817 11266 3838 21937 27155 3371 30228 11258 17112 30013 22273 27913 18020 16302 31921 24622 26263 32621 13484 18913 3803 1999 1082 23637 8802 460 14538 5712 12208 24939 22420 1081 32090 20347 12414 6003 21517 23428 6204 2025 10705 2557 3516 29674 4751 4799 20161 12856 6609 25530 8142 2651 27082 15335 19269 18235 25494 29309 7120 22510 3267 15976 22016 29391 30223 4599 30004 28368 32627 24277 12221 18193 7521 22074 1599 31921 843 31074 25178 19172 22372 3647 2186 24901 21418 19563 24908 6254 30756 22112 23939 21702 12904 21227 31257 2971 7777 15070 9961 7793 17487 12038 5341 153 30735 27228 12115 23301 15773 9343 17606 8794 22231 30818 8874 21319 24196 9026 10391 18710 5268 12252 5802 25216 16297 25052 6953 26822 18391 30104 25445 27901 28328 2046 13285 4009 18532 15051 19392 26254 23183 26879 5963 29891 946 32653 30196 26888 4191 20054 5998 5721 8559 25944 13327 23236 18318 21027 9334 26743 30714 20877 7280 9501 16007 18855 3357 4971 20711 8176 29262 31477 26408 16328 3890 16967 32126 25895 24114 12081 25411 32654 14361 354 15164 16702 30328 6968 20766 11945 5449 11479 26704 16934 6098 5497 26611 30696 13516 28421 2080 22065 3525 30690 25712 17859 30147 20237 6082 20120 2858 13929 17720 3282 10463 20311 12931 29173 29358 1415 22369 9812 233 7182 1635 7881 28498 4280 4852 15017 21307 18847 6295 32247 23788 16636 18288 15320 10309 9022 23046 17735 165 4953 6215 28682 7178 2401 3021 2533 4473 32599 18783 3085 3744 24643 29627 8927 4282 28034 23442 24018 9395 3682 24789 7083 29324 15852 31023 1776 6146 2817 32723 13982 5738 24233 12919 18206 22496 31911 32672 32630 4000 29265 2593 22205 31156 26526 1502 28113 15824 1665 20950 20812 31098 27765 29537 6067 13677 23129 22197 12273 19008 5759 30895 29700 30787 13568 24017 21495 13994 14930 31367 11536 32237 19484 28846 8522 4462 25672 18006 773 3165 14938 31175 10493 13784 22273 5827 15993 24663 1516 12555 25541 22600 6623 26661 13025 9718 14086 22619 31867 9903 6025 7431 20763 16678 32352 18446 10910 14614 19561 29355 18917 26152 27576 19310 7374 21015 1326 17796 16483 530 13389 19768 29522 28514 11594 9658 3230 29516 2404 21535 19091 10809 11637 15274 3583 4628 32455 20298 21919 26612 23080 31843 3544 2299 321 13009 2215 23166 29219 11819 12763 32101 23843 25668 21378 20693 11496 15608 32417 2061 21698 30501 27688 22414 22845 24311 27172 32127 18167 14697 10551 10575 2990 2312 32325 1692 26013 4090 27761 28500 23817 13120 2888 2330 31767 9016 7483 20971 14560 28006 27219 24577 17863 23411 13088 22775 15371 17270 20467 25647 21656 11635 20557 7281 8995 29217 11926 17620 1909 14065 27666 17634 18695 27467 10514 12279 4304 11035 3431 23530 13659 10892 5404 19183 3356 3859 5477 27836 15108 22960 3538 31467 10579 18033 6600 29856 9902 17719 5682 32107 22897 28604 20340 9072 32070 8405 19360 20677 7927 4341 1261 27675 19072 7155 10341 27809 24425 5133 11485 25893 32594 17964 22058 19068 19152 4970 30866 31013 24695 17361 4225 15913 21048 30309 637 26437 1262 21093 5980 7755 11827 24015 2229 5062 25720 7458 12692 15581 30037 24679 14194 10362 30237 24946 16228 12203 17078 5990 914 1352 24231 25463 23787 26838 27763 31476 5399 171 12070 12932 5293 8019 18989 3760 16807 30771 13162 15777 8723 1900 2952 24107 5899 12546 20620 14347 17382 23358 7853 18797 30128 2128 29542 19890 7896 13113 9929 8559 15145 29672 3862 10169 12283 11939 652 5280 31915 21161 11135 16633 20296 27670 25259 27489 20879 3334 968 2686 16922 20989 28767 5256 11732 1415 13531 24584 23984 10011 995 480 19611 22853 31719 19596 14767 31493 27385 21671 10921 28786 1247 7857 29341 24226 16230 23055 4328 24270 18681 19795 31847 27826 19825 22462 12006 5171 32047 11267 1243 8772 2664 10318 17749 23818 4289 28549 26159 1854 6940 10190 24713 13012 15281 593 10616 9946 27232 28735 8957 23714 7493 10515 6452 22563 20366 26136 8142 24477 27273 30507 25537 22140 17665 5314 17726 16255 11467 4909 19940 10777 11932 23324 22323 3864 4126 19298 30019 24708 12354 26616 31158 20682 16855 31301 8939 5401 5212 1692 19316 9997 24338 15111 11723 18827 16982 15171 4160 21740 29486 28171 27958 3677 17698 12186 27535 3717 1613 3435 15205 31593 25011 28483 11003 6541 15317 20849 2035 30812 15747 29780 8385 15818 242 9503 31327 21816 5390 985 3650 1432 19217 27304 9358 13009 597 23118 7814 20069 26214 4084 17734 15185 21340 10279 28852 10549 21608 29472 6836 10932 28844 24136 12955 2846 14928 5883 17639 10060 21458 19084 19245 19916 24477 10122 14418 27199 3550 1090 5374 32766 15507 20101 16462 14340 24036 10412 10441 1544 6327 22488 4502 10473 22399 26495 14316 2639 14676 9764 27849 16784 6473 24421 30439 15824 8186 30523 20716 23405
100
965
71
113
779
779
888
846
882
54
451
795
24
20
301
794
347
100
986
971
111
713
202
680
178
53
644
946
213
208
644
427
292
41
881
142
960
420
154
172
370
365
355
81
298
564
618
70
202
426
199
407
524
362
331
984
171
67
632
692
953
509
465
791
796
235
579
789
518
1000
925
329
870
740
84
986
105
553
930
219
957
809
888
794
263
667
297
916
195
645
352
591
340
236
285
183
53
794
613
597
783
