1000
28958 25535 20500 25178 31202 2989 17110 13994 12913 4035 17032 21500 17545 23962 1514 22367 21768 21090 20994 7184 4938 23773 9232 3486 21169 174 14276 25933 25221 7892 15791 22200 6143 10098 22008 28603 16032 6353 9040 12176 25287 28583 2599 6456 10883 27802 28704 17693 12454 21248 4035 13813 5659 1257 13427 29929 15737 8287 29343 14583 25815 492 12348 7573 4579 20573 4466 11415 1070 30150 7573 16210 8650 10694 12376 31490 4631 28940 2877 27753 31450 13850 6992 1721 5007 24393 18197 2484 769 1550 22719 4882 15127 13179 22690 24355 18161 17929 27627 31925 16179 25748 2959 30776 22689 8871 10113 16928 16621 14842 2600 21643 15820 32057 4112 23588 16975 26631 2016 26695 28273 28739 20108 26214 11501 31882 31691 27819 25426 9213 13004 6110 26712 6980 27428 138 13429 29395 17932 2907 172 2667 17353 6347 18342 24036 28011 22525 23811 3883 18106 16617 3826 20871 7278 31162 1535 6688 670 11124 22317 14785 6011 2522 31813 17373 24126 4751 9837 26320 18015 18299 7932 6504 13064 26736 10893 16804 5833 28686 8787 14523 30605 22500 14252 20576 28365 26583 5624 15685 31235 5320 22187 2782 12130 12913 31649 31847 10948 31888 25522 32552 18148 15176 28039 4600 30413 1732 15531 17920 21394 28189 21733 15553 12864 1406 32710 18265 22033 8070 12414 2817 4834 13805 23028 20187 29671 17771 27413 22251 15006 8405 25963 28770 18945 32650 16882 4899 20992 19213 6184 15488 20270 28659 15204 26436 12987 13824 17000 17655 18082 25485 11577 7261 8739 12332 7471 28992 17012 19087 21320 22895 7092 30118 26817 8967 13856 264 30184 12273 11145 8340 6956 10924 6406 26456 8310 30797 22758 27058 7868 3012 6376 19124 26579 32352 8367 14541 8324 4502 23664 7590 16611 32254 32750 1355 28380 13214 21928 139 26383 28523 3664 1697 26590 18957 9344 6676 21187 9187 10409 13531 30695 4679 2380 16325 16369 12819 11116 6424 10268 867 26435 28280 17549 12957 15668 28171 15587 29359 22273 4827 30479 19608 10558 4220 25702 2090 18693 8686 9460 4622 18924 16324 29972 776 14388 390 6462 11388 835 11861 15391 20018 27732 16589 29423 22870 19822 25136 23551 25795 19602 8384 2961 13953 20281 25964 15085 1675 16894 27823 28081 24278 2199 18102 361 15504 10761 8897 23391 22181 3356 27083 10421 11656 22797 27757 25776 18480 20100 10240 6487 16993 11461 26370 3645 4140 30506 16570 22939 6841 11985 15391 1953 6724 21650 6647 19470 20838 18228 2620 29183 3478 20960 20675 32260 4335 32469 7456 13945 18740 606 6596 1556 30737 20993 30312 27834 12451 15354 29103 29335 20027 4840 9734 20845 18527 16837 7631 18476 2066 23579 29376 19652 8790 32373 31877 4151 7150 4884 21165 2290 6760 20196 9667 30557 9819 31407 13243 6321 25326 23695 23441 31754 24217 21929 5164 11709 24880 2072 19080 11499 23325 6440 27412 24406 23020 25541 6745 30580 9742 12083 24797 194 28118 15871 20039 1627 8648 18741 22467 1993 26131 15315 30120 12315 15708 17022 17497 823 20669 884 11369 30066 30990 4802 22018 8542 28003 30391 27527 4067 15061 20632 28536 18066 27014 32149 10646 4149 29407 17404 28488 13227 27932 24749 19262 3315 4107 2254 18516 15494 30480 13247 25529 24810 17517 16720 27216 3716 2496 20530 17750 31150 6605 22700 31302 1801 10110 24463 25081 13844 22056 21868 23314 6654 7952 30212 31641 21689 12334 15360 1510 18512 10289 15587 9409 29306 21443 316 12999 9839 20493 11552 4368 6394 13950 3287 20750 29392 13768 22998 13752 23840 15404 19437 20456 15467 5880 19138 14850 3478 11086 21374 14039 6462 11302 26310 14281 29003 29078 4845 3631 27848 21842 28264 19451 5618 14447 5762 6042 16014 5740 1617 30491 11904 18802 23016 22164 8346 25563 20942 19905 434 17138 10927 26863 9719 16121 7506 31000 26757 7281 6859 12112 26934 8853 6386 1887 23739 31528 787 17840 8940 16240 8935 3178 5981 22147 5571 19420 20530 2241 8720 4638 16180 27810 251 32245 26916 4274 28781 22776 10063 1753 8510 7409 10082 13536 21926 26758 7552 3633 17396 10009 23698 6878 4482 28652 18654 28645 31208 24713 22748 31923 30320 30305 6212 20966 31178 11187 24940 17751 5121 23471 16593 5976 4782 12764 14067 32058 29036 10423 19559 13587 11915 23453 11303 1725 22537 12266 14380 22050 25789 6499 19519 10935 11734 32209 8972 20551 7300 31727 4472 29938 24565 6534 3124 26741 16259 7383 11154 24748 23852 5433 8600 26453 31810 22275 22100 21782 8291 28332 7790 32194 6316 20273 16388 29144 19242 16311 14769 31052 21649 19570 32751 11146 20529 16069 9376 18617 23589 24747 7399 14396 11726 3925 6460 20607 19072 24853 9152 19440 14458 25210 30925 3915 15388 11965 19922 9499 30036 26459 31326 4734 29018 20228 14202 26920 1181 2996 26940 15018 253 21536 9881 20724 7226 3155 29563 20505 6828 5529 24851 9555 4661 21916 2161 26439 22901 14541 4946 2954 30524 13317 18233 5475 9797 2412 18113 8659 16673 21659 32049 29906 10865 8701 26705 27612 1368 5499 13436 31148 21040 25688 24311 3912 17276 9817 21121 5693 24350 16938 12843 24620 16331 30973 18026 12165 2747 21876 16491 15763 28069 449 18342 25017 14570 18700 1462 15867 27153 18452 9320 5311 14963 4378 29202 11221 1591 18171 8230 24758 8065 29596 20486 21001 25063 7562 25114 17004 6693 24802 15137 6256 5649 3951 29636 8165 28881 7187 9841 28761 28491 21864 20326 7387 221 13222 29452 4357 14414 15816 32391 16185 20741 18922 5771 1066 5241 7414 18545 25502 13289 11647 20874 627 27213 3565 28851 480 31372 16859 30249 8190 24047 701 1439 16775 14038 14278 16014 18653 23466 9481 16077 24142 3602 5598 13153 3478 12906 1671 27542 23717 7025 4371 8783 16291 15937 8579 29082 3634 25221 13612 9351 24051 8934 10588 23355 26187 20934 23872 13632 20839 5681 11013 30239 7805 21776 31806 22577 31061 15008 32134 434 11017 30755 13670 20503 2057 2518 633 28065 32609 6434 17613 25907 12095 20246 13965 10337 8879 11029 14301 15305 7338 12748 4614
100
167
200
152
164
11
33
486
652
261
81
866
208
396
964
867
23
179
400
390
1
629
307
994
161
362
957
44
134
59
271
269
371
322
124
289
326
214
607
721
262
166
901
875
921
915
212
39
92
971
381
222
180
19
598
703
621
45
530
298
673
939
917
592
723
810
459
738
685
970
624
81
358
933
477
134
480
702
394
380
609
637
399
738
528
912
504
45
915
107
792
870
423
787
252
984
463
911
323
724
136
